1, 2
1, 6
2, 1
2, 3
3, 2
3, 4
4, 3
4, 5
4, 10
5, 4
5, 6
5, 7
6, 1
6, 5
7, 5
7, 8
8, 7
8, 9
9, 8
9, 10
9, 14
10, 4
10, 9
10, 11
11, 10
11, 12
12, 11
12, 13
13, 12
13, 14
13, 15
14, 9
14, 13
15, 13
15, 16
15, 17
16, 15
17, 15
18, 19
18, 27
19, 18
19, 20
20, 19
20, 21
20, 25
21, 20
21, 22
22, 21
22, 23
23, 22
23, 24
24, 23
24, 25
25, 20
25, 24
25, 26
26, 25
26, 27
26, 28
27, 18
27, 26
28, 26
28, 29
28, 30
29, 28
30, 28
31, 32
31, 36
32, 31
32, 33
33, 32
33, 34
34, 33
34, 35
34, 43
35, 34
35, 36
35, 37
36, 31
36, 35
37, 35
37, 38
37, 42
38, 37
38, 39
39, 38
39, 40
40, 39
40, 41
41, 40
41, 42
41, 46
42, 37
42, 41
42, 43
43, 34
43, 42
43, 44
44, 43
44, 45
44, 47
45, 44
45, 46
46, 41
46, 45
47, 44
47, 48
47, 49
48, 47
49, 47
60, 50
60, 54
50, 60
50, 51
51, 50
51, 52
51, 59
52, 51
52, 53
52, 56
53, 52
53, 54
54, 60
54, 53
54, 55
55, 54
56, 52
56, 57
56, 58
57, 56
58, 56
59, 51
61, 62
61, 70
62, 61
62, 63
63, 62
63, 64
63, 68
64, 63
64, 65
64, 86
65, 64
65, 66
66, 65
66, 67
66, 83
67, 66
67, 68
67, 76
68, 63
68, 67
68, 69
69, 68
69, 70
69, 74
70, 61
70, 69
70, 71
71, 70
71, 72
71, 80
72, 71
72, 73
73, 72
73, 74
73, 77
74, 69
74, 73
74, 75
75, 74
75, 76
76, 67
76, 75
77, 73
77, 78
77, 79
78, 77
79, 77
80, 71
80, 81
80, 82
81, 80
82, 80
83, 66
83, 84
83, 85
84, 83
85, 83
86, 64
86, 87
86, 88
87, 86
88, 86
89, 90
90, 89
90, 91
90, 95
91, 90
91, 92
92, 91
92, 93
92, 99
93, 92
93, 94
94, 93
94, 95
95, 90
95, 94
95, 96
96, 95
96, 97
96, 98
97, 96
98, 96
99, 92
99, 100
99, 104
100, 99
100, 101
101, 100
101, 102
102, 101
102, 103
103, 102
103, 104
104, 99
104, 103
115, 116
116, 115
116, 117
116, 118
117, 116
118, 116
118, 119
119, 118
119, 120
119, 124
120, 119
120, 121
121, 120
121, 122
122, 121
122, 123
122, 107
123, 122
123, 124
123, 105
124, 119
124, 123
105, 123
105, 106
106, 105
106, 107
106, 111
107, 122
107, 106
107, 108
108, 107
108, 109
109, 108
109, 110
110, 109
110, 111
110, 112
111, 106
111, 110
112, 110
112, 113
112, 114
113, 112
114, 112
132, 133
133, 132
133, 134
133, 138
134, 133
134, 135
135, 134
135, 136
136, 135
136, 137
136, 141
137, 136
137, 138
137, 139
138, 133
138, 137
139, 137
139, 140
140, 139
140, 141
140, 128
141, 136
141, 140
141, 125
125, 141
125, 126
126, 125
126, 127
127, 126
127, 128
127, 129
128, 140
128, 127
129, 127
129, 130
129, 131
130, 129
131, 129
142, 143
142, 147
143, 142
143, 144
144, 143
144, 145
145, 144
145, 146
145, 151
146, 145
146, 147
146, 148
147, 142
147, 146
148, 146
148, 149
149, 148
149, 150
149, 156
150, 149
150, 151
150, 155
151, 145
151, 150
151, 152
152, 151
152, 153
153, 152
153, 154
154, 153
154, 155
155, 150
155, 154
156, 149
156, 157
156, 158
157, 156
158, 156
171, 172
171, 160
172, 171
172, 173
173, 172
173, 174
173, 178
174, 173
174, 175
175, 174
175, 176
176, 175
176, 177
176, 168
177, 176
177, 178
177, 166
178, 173
178, 177
178, 159
159, 178
159, 160
159, 164
160, 171
160, 159
160, 161
161, 160
161, 162
162, 161
162, 163
163, 162
163, 164
163, 167
164, 159
164, 163
164, 165
165, 164
165, 166
166, 177
166, 165
167, 163
168, 176
168, 169
168, 170
169, 168
170, 168
179, 180
179, 184
180, 179
180, 181
181, 180
181, 182
182, 181
182, 183
182, 191
183, 182
183, 184
183, 185
184, 179
184, 183
185, 183
185, 186
185, 190
186, 185
186, 187
187, 186
187, 188
188, 187
188, 189
188, 198
189, 188
189, 190
189, 194
190, 185
190, 189
190, 191
191, 182
191, 190
191, 192
192, 191
192, 193
193, 192
193, 194
193, 195
194, 189
194, 193
195, 193
195, 196
195, 197
196, 195
197, 195
198, 188
198, 199
198, 200
199, 198
200, 198
201, 202
202, 201
202, 203
202, 210
203, 202
203, 204
203, 208
204, 203
204, 205
205, 204
205, 206
205, 211
206, 205
206, 207
207, 206
207, 208
208, 203
208, 207
208, 209
209, 208
209, 210
210, 202
210, 209
211, 205
211, 212
211, 213
212, 211
213, 211
216, 217
216, 229
217, 216
217, 218
218, 217
218, 219
218, 227
219, 218
219, 220
220, 219
220, 221
221, 220
221, 222
221, 226
222, 221
222, 223
223, 222
223, 224
224, 223
224, 225
224, 232
225, 224
225, 226
225, 231
226, 221
226, 225
226, 227
227, 218
227, 226
227, 228
228, 227
228, 229
228, 230
229, 216
229, 228
230, 228
230, 231
231, 225
231, 230
232, 224
232, 214
232, 215
214, 232
215, 232
233, 234
233, 238
234, 233
234, 235
235, 234
235, 236
236, 235
236, 237
236, 245
237, 236
237, 238
237, 239
238, 233
238, 237
239, 237
239, 240
239, 244
240, 239
240, 241
241, 240
241, 242
242, 241
242, 243
242, 252
243, 242
243, 244
243, 248
244, 239
244, 243
244, 245
245, 236
245, 244
245, 246
246, 245
246, 247
247, 246
247, 248
248, 243
248, 247
248, 249
249, 248
249, 250
249, 251
250, 249
251, 249
252, 242
252, 253
252, 254
253, 252
254, 252
258, 259
258, 263
259, 258
259, 260
260, 259
260, 261
260, 257
261, 260
261, 262
261, 265
262, 261
262, 263
262, 264
263, 258
263, 262
264, 262
265, 261
265, 255
265, 256
255, 265
256, 265
257, 260
266, 267
266, 271
267, 266
267, 268
268, 267
268, 269
269, 268
269, 270
269, 278
270, 269
270, 271
270, 272
271, 266
271, 270
272, 270
272, 273
272, 277
273, 272
273, 274
274, 273
274, 275
274, 280
275, 274
275, 276
276, 275
276, 277
277, 272
277, 276
277, 278
278, 269
278, 277
278, 279
279, 278
280, 274
280, 281
280, 282
281, 280
282, 280
284, 285
284, 293
285, 284
285, 286
286, 285
286, 287
286, 291
287, 286
287, 288
288, 287
288, 289
288, 294
289, 288
289, 290
290, 289
290, 291
291, 286
291, 290
291, 292
292, 291
292, 293
293, 284
293, 292
294, 288
294, 295
294, 283
295, 294
283, 294
296, 297
296, 301
297, 296
297, 298
298, 297
298, 299
298, 306
299, 298
299, 300
299, 304
300, 299
300, 301
301, 296
301, 300
301, 302
302, 301
302, 303
303, 302
304, 299
304, 305
305, 304
305, 306
305, 310
306, 298
306, 305
306, 307
307, 306
307, 308
308, 307
308, 309
309, 308
309, 310
309, 311
310, 305
310, 309
311, 309
311, 312
311, 313
312, 311
313, 311
319, 320
319, 324
320, 319
320, 321
321, 320
321, 322
321, 328
322, 321
322, 323
323, 322
323, 324
323, 325
324, 319
324, 323
325, 323
325, 326
325, 327
326, 325
327, 325
328, 321
328, 329
328, 315
329, 328
329, 330
330, 329
330, 331
331, 330
331, 314
331, 316
314, 331
314, 315
315, 328
315, 314
316, 331
316, 317
316, 318
317, 316
318, 316
345, 346
345, 350
346, 345
346, 347
347, 346
347, 348
348, 347
348, 349
348, 354
349, 348
349, 350
349, 351
350, 345
350, 349
351, 349
351, 352
352, 351
352, 353
353, 352
353, 354
353, 339
354, 348
354, 353
354, 332
332, 354
332, 333
333, 332
333, 334
333, 338
334, 333
334, 335
335, 334
335, 336
336, 335
336, 337
337, 336
337, 338
337, 341
338, 333
338, 337
338, 339
339, 353
339, 338
339, 340
340, 339
340, 341
341, 337
341, 340
341, 342
342, 341
342, 343
342, 344
343, 342
344, 342
355, 356
355, 372
356, 355
356, 357
357, 356
357, 358
357, 374
358, 357
358, 359
359, 358
359, 360
360, 359
360, 361
360, 375
361, 360
361, 362
362, 361
362, 363
363, 362
363, 364
363, 376
364, 363
364, 365
364, 379
365, 364
365, 366
366, 365
366, 367
366, 377
367, 366
367, 368
368, 367
368, 369
369, 368
369, 370
369, 378
370, 369
370, 371
371, 370
371, 372
372, 355
372, 371
372, 373
373, 372
373, 374
373, 378
374, 357
374, 373
374, 375
375, 360
375, 374
375, 376
376, 363
376, 375
376, 377
377, 366
377, 376
377, 378
378, 369
378, 373
378, 377
379, 364
379, 380
379, 381
380, 379
381, 379
382, 383
382, 387
383, 382
383, 384
384, 383
384, 385
385, 384
385, 386
385, 399
386, 385
386, 387
386, 388
387, 382
387, 386
388, 386
388, 389
389, 388
389, 390
389, 398
390, 389
390, 391
391, 390
391, 392
392, 391
392, 393
392, 397
393, 392
393, 394
394, 393
394, 395
395, 394
395, 396
395, 402
396, 395
396, 397
396, 401
397, 392
397, 396
397, 398
398, 389
398, 397
398, 399
399, 385
399, 398
399, 400
400, 399
400, 401
401, 396
401, 400
402, 395
402, 403
402, 404
403, 402
404, 402
410, 411
410, 415
411, 410
411, 412
412, 411
412, 413
412, 422
413, 412
413, 414
413, 419
414, 413
414, 415
415, 410
415, 414
415, 416
416, 415
416, 417
416, 418
417, 416
418, 416
419, 413
419, 420
419, 421
420, 419
421, 419
421, 422
421, 426
422, 412
422, 421
422, 423
423, 422
423, 424
423, 407
424, 423
424, 425
425, 424
425, 426
425, 427
426, 421
426, 425
427, 425
427, 405
427, 406
405, 427
406, 427
407, 423
407, 408
407, 409
408, 407
409, 407
428, 429
428, 445
429, 428
429, 430
430, 429
430, 431
431, 430
431, 432
431, 444
432, 431
432, 433
433, 432
433, 434
433, 442
434, 433
434, 435
434, 439
435, 434
435, 436
436, 435
436, 437
437, 436
437, 438
438, 437
438, 439
438, 447
439, 434
439, 438
439, 440
440, 439
440, 441
440, 446
441, 440
441, 442
442, 433
442, 441
442, 443
443, 442
443, 444
444, 431
444, 443
444, 445
445, 428
445, 444
446, 440
446, 447
447, 438
447, 446
447, 448
448, 447
448, 449
448, 450
449, 448
450, 448
451, 452
451, 456
452, 451
452, 453
453, 452
453, 454
454, 453
454, 455
454, 463
455, 454
455, 456
455, 457
456, 451
456, 455
457, 455
457, 458
457, 462
458, 457
458, 459
459, 458
459, 460
460, 459
460, 461
461, 460
461, 462
461, 466
462, 457
462, 461
462, 463
463, 454
463, 462
463, 464
464, 463
464, 465
464, 470
465, 464
465, 466
465, 467
466, 461
466, 465
467, 465
467, 468
467, 469
468, 467
469, 467
470, 464
470, 471
470, 472
471, 470
472, 470
473, 474
473, 478
474, 473
474, 475
475, 474
475, 476
475, 494
476, 475
476, 477
476, 491
477, 476
477, 478
478, 473
478, 477
478, 479
479, 478
479, 480
479, 484
480, 479
480, 481
481, 480
481, 482
482, 481
482, 483
482, 488
483, 482
483, 484
484, 479
484, 483
484, 485
485, 484
485, 486
485, 487
486, 485
487, 485
488, 482
488, 489
488, 490
489, 488
490, 488
491, 476
491, 492
491, 493
492, 491
493, 491
494, 475
494, 495
494, 496
495, 494
496, 494
497, 498
497, 502
498, 497
498, 499
499, 498
499, 500
499, 512
500, 499
500, 501
500, 510
501, 500
501, 502
502, 497
502, 501
502, 503
503, 502
503, 504
504, 503
504, 505
504, 506
505, 504
506, 504
506, 507
506, 508
506, 509
507, 506
508, 506
509, 506
510, 500
510, 511
511, 510
511, 512
511, 516
512, 499
512, 511
512, 513
513, 512
513, 514
514, 513
514, 515
515, 514
515, 516
515, 517
516, 511
516, 515
517, 515
517, 518
517, 519
518, 517
519, 517
533, 520
520, 533
520, 521
520, 529
521, 520
521, 522
522, 521
522, 523
522, 527
523, 522
523, 524
524, 523
524, 525
525, 524
525, 526
526, 525
526, 527
527, 522
527, 526
527, 528
528, 527
528, 529
529, 520
529, 528
529, 530
530, 529
530, 531
530, 532
531, 530
532, 530
534, 535
534, 539
535, 534
535, 536
536, 535
536, 537
537, 536
537, 538
537, 540
538, 537
538, 539
539, 534
539, 538
540, 537
540, 541
541, 540
541, 542
542, 541
542, 543
542, 547
543, 542
543, 544
544, 543
544, 545
545, 544
545, 546
545, 548
546, 545
546, 547
547, 542
547, 546
548, 545
548, 549
548, 550
549, 548
550, 548
564, 565
564, 554
565, 564
565, 551
551, 565
551, 552
552, 551
552, 553
552, 555
553, 552
553, 554
554, 564
554, 553
555, 552
555, 556
555, 560
556, 555
556, 557
557, 556
557, 558
558, 557
558, 559
558, 561
559, 558
559, 560
560, 555
560, 559
561, 558
561, 562
561, 563
562, 561
563, 561
566, 567
567, 566
567, 568
568, 567
568, 569
568, 577
569, 568
569, 570
570, 569
570, 571
570, 575
571, 570
571, 572
572, 571
572, 573
573, 572
573, 574
574, 573
574, 575
575, 570
575, 574
575, 576
576, 575
576, 577
576, 578
577, 568
577, 576
578, 576
578, 579
578, 580
579, 578
580, 578
588, 589
589, 588
589, 590
589, 584
590, 589
590, 591
591, 590
591, 592
591, 583
592, 591
592, 593
593, 592
593, 581
593, 585
581, 593
581, 582
582, 581
582, 583
583, 591
583, 582
583, 584
584, 589
584, 583
585, 593
585, 586
585, 587
586, 585
587, 585
594, 595
594, 599
595, 594
595, 596
596, 595
596, 597
597, 596
597, 598
597, 606
598, 597
598, 599
598, 600
599, 594
599, 598
600, 598
600, 601
600, 605
601, 600
601, 602
602, 601
602, 603
603, 602
603, 604
604, 603
604, 605
604, 609
605, 600
605, 604
605, 606
606, 597
606, 605
606, 607
607, 606
607, 608
608, 607
608, 609
608, 610
609, 604
609, 608
610, 608
610, 611
610, 612
611, 610
612, 610
613, 614
613, 618
614, 613
614, 615
614, 632
615, 614
615, 616
616, 615
616, 617
616, 631
617, 616
617, 618
617, 622
618, 613
618, 617
618, 619
619, 618
619, 620
620, 619
620, 621
621, 620
621, 622
621, 626
622, 617
622, 621
622, 623
623, 622
623, 624
623, 630
624, 623
624, 625
625, 624
625, 626
625, 627
626, 621
626, 625
627, 625
627, 628
627, 629
628, 627
629, 627
630, 623
630, 631
631, 616
631, 630
632, 614
632, 633
632, 634
633, 632
634, 632
635, 636
635, 648
636, 635
636, 637
637, 636
637, 638
638, 637
638, 639
638, 647
639, 638
639, 640
640, 639
640, 641
640, 645
641, 640
641, 642
642, 641
642, 643
642, 649
643, 642
643, 644
644, 643
644, 645
645, 640
645, 644
645, 646
646, 645
646, 647
647, 638
647, 646
647, 648
648, 635
648, 647
649, 642
649, 650
649, 651
650, 649
651, 649
661, 662
661, 666
662, 661
662, 663
663, 662
663, 664
663, 657
664, 663
664, 665
664, 670
665, 664
665, 666
666, 661
666, 665
666, 667
667, 666
667, 668
667, 669
668, 667
669, 667
670, 664
670, 671
671, 670
671, 652
671, 656
652, 671
652, 653
653, 652
653, 654
653, 658
654, 653
654, 655
655, 654
655, 656
656, 671
656, 655
656, 657
657, 663
657, 656
658, 653
658, 659
658, 660
659, 658
660, 658
672, 673
672, 684
673, 672
673, 674
674, 673
674, 675
674, 679
675, 674
675, 676
675, 683
676, 675
676, 677
677, 676
677, 678
678, 677
678, 679
679, 674
679, 678
679, 680
680, 679
680, 681
680, 682
681, 680
682, 680
683, 675
683, 684
683, 685
684, 672
684, 683
685, 683
685, 686
685, 687
686, 685
687, 685
707, 708
707, 690
708, 707
708, 709
709, 708
709, 710
709, 688
710, 709
710, 711
710, 704
711, 710
711, 712
712, 711
712, 713
713, 712
713, 688
713, 696
688, 709
688, 713
688, 689
689, 688
689, 690
689, 694
690, 707
690, 689
690, 691
691, 690
691, 692
692, 691
692, 693
693, 692
693, 694
693, 701
694, 689
694, 693
694, 695
695, 694
695, 696
695, 700
696, 713
696, 695
696, 697
697, 696
697, 698
698, 697
698, 699
699, 698
699, 700
700, 695
700, 699
701, 693
701, 702
701, 703
702, 701
703, 701
704, 710
704, 705
704, 706
705, 704
706, 704
714, 715
714, 727
715, 714
715, 716
716, 715
716, 717
716, 725
717, 716
717, 718
718, 717
718, 719
719, 718
719, 720
719, 724
720, 719
720, 721
720, 737
721, 720
721, 722
722, 721
722, 723
722, 734
723, 722
723, 724
723, 729
724, 719
724, 723
724, 725
725, 716
725, 724
725, 726
726, 725
726, 727
726, 728
727, 714
727, 726
728, 726
728, 729
728, 733
729, 723
729, 728
729, 730
730, 729
730, 731
731, 730
731, 732
732, 731
732, 733
733, 728
733, 732
734, 722
734, 735
734, 736
735, 734
736, 734
737, 720
737, 738
737, 739
738, 737
739, 737
740, 741
740, 745
741, 740
741, 742
742, 741
742, 743
742, 751
743, 742
743, 744
743, 749
744, 743
744, 745
745, 740
745, 744
745, 746
746, 745
746, 747
746, 748
747, 746
748, 746
749, 743
749, 750
750, 749
750, 751
750, 755
751, 742
751, 750
751, 752
752, 751
752, 753
753, 752
753, 754
754, 753
754, 755
754, 756
755, 750
755, 754
756, 754
756, 757
756, 758
757, 756
758, 756
759, 760
759, 764
760, 759
760, 761
761, 760
761, 762
761, 775
762, 761
762, 763
762, 768
763, 762
763, 764
764, 759
764, 763
764, 765
765, 764
765, 766
765, 767
766, 765
767, 765
768, 762
768, 769
769, 768
769, 770
769, 774
770, 769
770, 771
771, 770
771, 772
771, 777
772, 771
772, 773
772, 776
773, 772
773, 774
774, 769
774, 773
774, 775
775, 761
775, 774
776, 772
777, 771
779, 780
780, 779
780, 781
780, 789
781, 780
781, 782
781, 786
782, 781
782, 783
783, 782
783, 784
784, 783
784, 785
785, 784
785, 786
786, 781
786, 785
786, 787
787, 786
787, 788
788, 787
788, 789
789, 780
789, 788
789, 790
790, 789
790, 791
790, 778
791, 790
778, 790
799, 800
799, 804
800, 799
800, 801
801, 800
801, 802
801, 796
802, 801
802, 803
803, 802
803, 804
804, 799
804, 803
804, 805
805, 804
805, 806
805, 810
806, 805
806, 807
807, 806
807, 808
808, 807
808, 809
808, 793
809, 808
809, 810
810, 805
810, 809
810, 811
811, 810
811, 812
811, 792
812, 811
792, 811
793, 808
793, 794
793, 795
794, 793
795, 793
796, 801
796, 797
796, 798
797, 796
798, 796
813, 814
813, 822
814, 813
814, 815
815, 814
815, 816
815, 831
816, 815
816, 817
816, 821
817, 816
817, 818
817, 829
818, 817
818, 819
819, 818
819, 820
820, 819
820, 821
820, 825
821, 816
821, 820
821, 822
822, 813
822, 821
822, 823
823, 822
823, 824
824, 823
824, 825
825, 820
825, 824
825, 826
826, 825
826, 827
826, 828
827, 826
828, 826
829, 817
829, 830
830, 829
830, 831
830, 835
831, 815
831, 830
831, 832
832, 831
832, 833
832, 837
833, 832
833, 834
833, 836
834, 833
834, 835
835, 830
835, 834
836, 833
837, 832
838, 839
838, 843
839, 838
839, 840
840, 839
840, 841
841, 840
841, 842
841, 847
842, 841
842, 843
842, 844
843, 838
843, 842
844, 842
844, 845
845, 844
845, 846
846, 845
846, 847
846, 851
847, 841
847, 846
847, 848
848, 847
848, 849
848, 857
849, 848
849, 850
849, 855
850, 849
850, 851
850, 852
851, 846
851, 850
852, 850
852, 853
853, 852
853, 854
854, 853
854, 855
855, 849
855, 854
855, 856
856, 855
856, 857
856, 858
857, 848
857, 856
858, 856
858, 859
858, 860
859, 858
860, 858
871, 872
871, 861
872, 871
872, 873
873, 872
873, 874
873, 878
874, 873
874, 875
875, 874
875, 876
875, 868
876, 875
876, 877
877, 876
877, 878
877, 865
878, 873
878, 877
878, 879
879, 878
879, 861
879, 862
861, 871
861, 879
862, 879
862, 863
862, 864
863, 862
864, 862
865, 877
865, 866
865, 867
866, 865
867, 865
868, 875
868, 869
868, 870
869, 868
870, 868
886, 887
886, 880
887, 886
887, 888
888, 887
888, 889
888, 885
889, 888
889, 890
889, 884
890, 889
890, 880
880, 886
880, 890
880, 881
881, 880
881, 882
881, 883
882, 881
883, 881
884, 889
885, 888
891, 892
891, 895
892, 891
892, 893
893, 892
893, 894
893, 911
894, 893
894, 895
895, 891
895, 894
895, 896
896, 895
896, 897
897, 896
897, 898
898, 897
898, 899
898, 900
899, 898
900, 898
900, 901
901, 900
901, 902
902, 901
902, 903
903, 902
903, 904
903, 907
904, 903
904, 905
905, 904
905, 906
906, 905
906, 907
906, 908
907, 903
907, 906
908, 906
908, 909
908, 910
909, 908
910, 908
911, 893
911, 912
911, 913
912, 911
913, 911
931, 932
931, 916
932, 931
932, 933
933, 932
933, 914
933, 923
914, 933
914, 915
914, 920
915, 914
915, 916
916, 931
916, 915
916, 917
917, 916
917, 918
917, 919
918, 917
919, 917
920, 914
920, 921
920, 922
921, 920
922, 920
922, 923
922, 927
923, 933
923, 922
923, 924
924, 923
924, 925
925, 924
925, 926
926, 925
926, 927
926, 928
927, 922
927, 926
928, 926
928, 929
928, 930
929, 928
930, 928
935, 936
935, 940
936, 935
936, 937
937, 936
937, 938
938, 937
938, 939
938, 944
939, 938
939, 940
939, 941
940, 935
940, 939
941, 939
941, 942
942, 941
942, 943
942, 948
943, 942
943, 944
944, 938
944, 943
944, 945
945, 944
945, 946
945, 947
946, 945
947, 945
948, 942
948, 949
948, 934
949, 948
934, 948
950, 951
950, 955
951, 950
951, 952
952, 951
952, 953
952, 959
953, 952
953, 954
954, 953
954, 955
954, 956
955, 950
955, 954
956, 954
956, 957
956, 958
957, 956
958, 956
959, 952
959, 960
959, 964
960, 959
960, 961
961, 960
961, 962
962, 961
962, 963
962, 965
963, 962
963, 964
964, 959
964, 963
965, 962
971, 972
971, 976
972, 971
972, 973
973, 972
973, 974
974, 973
974, 975
974, 983
975, 974
975, 976
975, 977
976, 971
976, 975
977, 975
977, 978
977, 982
978, 977
978, 979
979, 978
979, 980
980, 979
980, 981
981, 980
981, 982
981, 966
982, 977
982, 981
982, 983
983, 974
983, 982
983, 984
984, 983
984, 985
984, 968
985, 984
985, 966
985, 967
966, 981
966, 985
967, 985
968, 984
968, 969
968, 970
969, 968
970, 968
986, 987
986, 991
987, 986
987, 988
988, 987
988, 989
989, 988
989, 990
989, 1003
990, 989
990, 991
990, 992
991, 986
991, 990
992, 990
992, 993
993, 992
993, 994
993, 1002
994, 993
994, 995
995, 994
995, 996
996, 995
996, 997
996, 1001
997, 996
997, 998
997, 1006
998, 997
998, 999
999, 998
999, 1000
1000, 999
1000, 1001
1000, 1005
1001, 996
1001, 1000
1001, 1002
1002, 993
1002, 1001
1002, 1003
1003, 989
1003, 1002
1003, 1004
1004, 1003
1004, 1005
1005, 1000
1005, 1004
1006, 997
1006, 1007
1006, 1008
1007, 1006
1008, 1006
1024, 1025
1024, 1010
1025, 1024
1025, 1026
1026, 1025
1026, 1027
1026, 1020
1027, 1026
1027, 1009
1027, 1014
1009, 1027
1009, 1010
1009, 1011
1010, 1024
1010, 1009
1011, 1009
1011, 1012
1011, 1013
1012, 1011
1013, 1011
1014, 1027
1014, 1015
1014, 1019
1015, 1014
1015, 1016
1016, 1015
1016, 1017
1017, 1016
1017, 1018
1017, 1021
1018, 1017
1018, 1019
1019, 1014
1019, 1018
1019, 1020
1020, 1026
1020, 1019
1021, 1017
1021, 1022
1021, 1023
1022, 1021
1023, 1021
1028, 1029
1028, 1033
1029, 1028
1029, 1030
1030, 1029
1030, 1031
1030, 1041
1031, 1030
1031, 1032
1031, 1037
1032, 1031
1032, 1033
1033, 1028
1033, 1032
1033, 1034
1034, 1033
1034, 1035
1034, 1036
1035, 1034
1036, 1034
1037, 1031
1037, 1038
1037, 1039
1038, 1037
1039, 1037
1039, 1040
1039, 1041
1040, 1039
1041, 1030
1041, 1039
1065, 1066
1065, 1048
1066, 1065
1066, 1067
1067, 1066
1067, 1042
1067, 1046
1042, 1067
1042, 1043
1043, 1042
1043, 1044
1044, 1043
1044, 1045
1044, 1062
1045, 1044
1045, 1046
1045, 1054
1046, 1067
1046, 1045
1046, 1047
1047, 1046
1047, 1048
1047, 1052
1048, 1065
1048, 1047
1048, 1049
1049, 1048
1049, 1050
1050, 1049
1050, 1051
1051, 1050
1051, 1052
1051, 1059
1052, 1047
1052, 1051
1052, 1053
1053, 1052
1053, 1054
1053, 1058
1054, 1045
1054, 1053
1054, 1055
1055, 1054
1055, 1056
1056, 1055
1056, 1057
1057, 1056
1057, 1058
1058, 1053
1058, 1057
1059, 1051
1059, 1060
1059, 1061
1060, 1059
1061, 1059
1062, 1044
1062, 1063
1062, 1064
1063, 1062
1064, 1062
1075, 1076
1075, 1080
1076, 1075
1076, 1077
1077, 1076
1077, 1078
1078, 1077
1078, 1079
1078, 1083
1079, 1078
1079, 1080
1079, 1081
1080, 1075
1080, 1079
1081, 1079
1081, 1082
1082, 1081
1082, 1083
1082, 1071
1083, 1078
1083, 1082
1083, 1068
1068, 1083
1068, 1069
1069, 1068
1069, 1070
1070, 1069
1070, 1071
1070, 1072
1071, 1082
1071, 1070
1072, 1070
1072, 1073
1072, 1074
1073, 1072
1074, 1072
1084, 1085
1084, 1089
1085, 1084
1085, 1086
1086, 1085
1086, 1087
1087, 1086
1087, 1088
1087, 1097
1088, 1087
1088, 1089
1088, 1090
1089, 1084
1089, 1088
1090, 1088
1090, 1091
1090, 1095
1091, 1090
1091, 1092
1092, 1091
1092, 1093
1093, 1092
1093, 1094
1094, 1093
1094, 1095
1094, 1096
1095, 1090
1095, 1094
1096, 1094
1097, 1087
1097, 1098
1097, 1099
1098, 1097
1099, 1097
1100, 1101
1100, 1109
1101, 1100
1101, 1102
1102, 1101
1102, 1103
1102, 1107
1103, 1102
1103, 1104
1104, 1103
1104, 1105
1105, 1104
1105, 1106
1106, 1105
1106, 1107
1106, 1111
1107, 1102
1107, 1106
1107, 1108
1108, 1107
1108, 1109
1108, 1110
1109, 1100
1109, 1108
1110, 1108
1110, 1111
1110, 1119
1111, 1106
1111, 1110
1111, 1112
1112, 1111
1112, 1113
1113, 1112
1113, 1114
1113, 1118
1114, 1113
1114, 1115
1115, 1114
1115, 1116
1115, 1120
1116, 1115
1116, 1117
1117, 1116
1117, 1118
1118, 1113
1118, 1117
1118, 1119
1119, 1110
1119, 1118
1120, 1115
1120, 1121
1120, 1122
1121, 1120
1122, 1120
1123, 1124
1123, 1128
1124, 1123
1124, 1125
1125, 1124
1125, 1126
1125, 1138
1126, 1125
1126, 1127
1127, 1126
1127, 1128
1128, 1123
1128, 1127
1128, 1129
1129, 1128
1129, 1130
1129, 1134
1130, 1129
1130, 1131
1131, 1130
1131, 1132
1132, 1131
1132, 1133
1132, 1135
1133, 1132
1133, 1134
1134, 1129
1134, 1133
1135, 1132
1135, 1136
1135, 1137
1136, 1135
1137, 1135
1138, 1125
1138, 1139
1138, 1140
1139, 1138
1140, 1138
1141, 1142
1141, 1146
1142, 1141
1142, 1143
1143, 1142
1143, 1144
1144, 1143
1144, 1145
1144, 1150
1145, 1144
1145, 1146
1145, 1147
1146, 1141
1146, 1145
1147, 1145
1147, 1148
1147, 1149
1148, 1147
1149, 1147
1150, 1144
1151, 1152
1151, 1156
1152, 1151
1152, 1153
1153, 1152
1153, 1154
1154, 1153
1154, 1155
1154, 1166
1155, 1154
1155, 1156
1155, 1157
1156, 1151
1156, 1155
1157, 1155
1157, 1158
1157, 1162
1158, 1157
1158, 1159
1159, 1158
1159, 1160
1160, 1159
1160, 1161
1161, 1160
1161, 1162
1161, 1163
1162, 1157
1162, 1161
1163, 1161
1163, 1164
1163, 1165
1164, 1163
1165, 1163
1166, 1154
1177, 1178
1178, 1177
1178, 1179
1178, 1167
1179, 1178
1179, 1180
1180, 1179
1180, 1181
1181, 1180
1181, 1182
1182, 1181
1182, 1167
1167, 1178
1167, 1182
1167, 1168
1168, 1167
1168, 1169
1168, 1173
1169, 1168
1169, 1170
1170, 1169
1170, 1171
1171, 1170
1171, 1172
1171, 1174
1172, 1171
1172, 1173
1173, 1168
1173, 1172
1174, 1171
1174, 1175
1174, 1176
1175, 1174
1176, 1174
1197, 1198
1197, 1187
1198, 1197
1198, 1199
1199, 1198
1199, 1200
1199, 1185
1200, 1199
1200, 1201
1201, 1200
1201, 1183
1183, 1201
1183, 1184
1184, 1183
1184, 1185
1184, 1189
1185, 1199
1185, 1184
1185, 1186
1186, 1185
1186, 1187
1186, 1188
1187, 1197
1187, 1186
1188, 1186
1188, 1189
1188, 1193
1189, 1184
1189, 1188
1189, 1190
1190, 1189
1190, 1191
1190, 1194
1191, 1190
1191, 1192
1192, 1191
1192, 1193
1193, 1188
1193, 1192
1194, 1190
1194, 1195
1194, 1196
1195, 1194
1196, 1194
1202, 1203
1202, 1207
1203, 1202
1203, 1204
1204, 1203
1204, 1205
1204, 1211
1205, 1204
1205, 1206
1206, 1205
1206, 1207
1206, 1208
1207, 1202
1207, 1206
1208, 1206
1208, 1209
1208, 1210
1209, 1208
1210, 1208
1211, 1204
1211, 1212
1211, 1213
1212, 1211
1213, 1211
1214, 1215
1214, 1219
1215, 1214
1215, 1216
1216, 1215
1216, 1217
1217, 1216
1217, 1218
1217, 1226
1218, 1217
1218, 1219
1218, 1220
1219, 1214
1219, 1218
1220, 1218
1220, 1221
1220, 1225
1221, 1220
1221, 1222
1222, 1221
1222, 1223
1223, 1222
1223, 1224
1223, 1236
1224, 1223
1224, 1225
1224, 1229
1225, 1220
1225, 1224
1225, 1226
1226, 1217
1226, 1225
1226, 1227
1227, 1226
1227, 1228
1227, 1233
1228, 1227
1228, 1229
1228, 1230
1229, 1224
1229, 1228
1230, 1228
1230, 1231
1230, 1232
1231, 1230
1232, 1230
1233, 1227
1233, 1234
1233, 1235
1234, 1233
1235, 1233
1236, 1223
1236, 1237
1236, 1238
1237, 1236
1238, 1236
1239, 1240
1240, 1239
1240, 1241
1241, 1240
1241, 1242
1241, 1246
1242, 1241
1242, 1243
1243, 1242
1243, 1244
1244, 1243
1244, 1245
1244, 1247
1245, 1244
1245, 1246
1246, 1241
1246, 1245
1247, 1244
1247, 1248
1247, 1249
1248, 1247
1249, 1247
1255, 1256
1255, 1260
1256, 1255
1256, 1257
1257, 1256
1257, 1258
1258, 1257
1258, 1259
1258, 1272
1259, 1258
1259, 1260
1259, 1261
1260, 1255
1260, 1259
1261, 1259
1261, 1262
1262, 1261
1262, 1263
1262, 1271
1263, 1262
1263, 1264
1263, 1268
1264, 1263
1264, 1265
1265, 1264
1265, 1266
1266, 1265
1266, 1267
1267, 1266
1267, 1268
1268, 1263
1268, 1267
1268, 1269
1269, 1268
1269, 1270
1270, 1269
1270, 1271
1270, 1251
1271, 1262
1271, 1270
1271, 1272
1272, 1258
1272, 1271
1272, 1250
1250, 1272
1250, 1251
1251, 1270
1251, 1250
1251, 1252
1252, 1251
1252, 1253
1252, 1254
1253, 1252
1254, 1252
1273, 1274
1273, 1290
1274, 1273
1274, 1275
1275, 1274
1275, 1276
1276, 1275
1276, 1277
1276, 1289
1277, 1276
1277, 1278
1278, 1277
1278, 1279
1278, 1287
1279, 1278
1279, 1280
1279, 1284
1280, 1279
1280, 1281
1281, 1280
1281, 1282
1282, 1281
1282, 1283
1283, 1282
1283, 1284
1283, 1292
1284, 1279
1284, 1283
1284, 1285
1285, 1284
1285, 1286
1285, 1291
1286, 1285
1286, 1287
1287, 1278
1287, 1286
1287, 1288
1288, 1287
1288, 1289
1289, 1276
1289, 1288
1289, 1290
1290, 1273
1290, 1289
1291, 1285
1291, 1292
1291, 1293
1292, 1283
1292, 1291
1293, 1291
1293, 1294
1293, 1295
1294, 1293
1295, 1293
1301, 1302
1302, 1301
1302, 1303
1302, 1300
1303, 1302
1303, 1304
1303, 1308
1304, 1303
1304, 1305
1304, 1299
1305, 1304
1305, 1306
1306, 1305
1306, 1307
1307, 1306
1307, 1308
1308, 1303
1308, 1307
1308, 1296
1296, 1308
1296, 1297
1296, 1298
1297, 1296
1298, 1296
1299, 1304
1299, 1300
1300, 1302
1300, 1299
1309, 1310
1309, 1314
1310, 1309
1310, 1311
1311, 1310
1311, 1312
1312, 1311
1312, 1313
1312, 1322
1313, 1312
1313, 1314
1313, 1315
1314, 1309
1314, 1313
1315, 1313
1315, 1316
1315, 1320
1316, 1315
1316, 1317
1317, 1316
1317, 1318
1318, 1317
1318, 1319
1319, 1318
1319, 1320
1319, 1328
1320, 1315
1320, 1319
1320, 1321
1321, 1320
1321, 1322
1321, 1326
1322, 1312
1322, 1321
1322, 1323
1323, 1322
1323, 1324
1323, 1329
1324, 1323
1324, 1325
1325, 1324
1325, 1326
1326, 1321
1326, 1325
1326, 1327
1327, 1326
1327, 1328
1328, 1319
1328, 1327
1329, 1323
1329, 1330
1329, 1331
1330, 1329
1331, 1329
1332, 1333
1332, 1341
1333, 1332
1333, 1334
1334, 1333
1334, 1335
1334, 1339
1335, 1334
1335, 1336
1335, 1354
1336, 1335
1336, 1337
1336, 1351
1337, 1336
1337, 1338
1338, 1337
1338, 1339
1338, 1347
1339, 1334
1339, 1338
1339, 1340
1340, 1339
1340, 1341
1340, 1345
1341, 1332
1341, 1340
1341, 1342
1342, 1341
1342, 1343
1343, 1342
1343, 1344
1344, 1343
1344, 1345
1344, 1348
1345, 1340
1345, 1344
1345, 1346
1346, 1345
1346, 1347
1347, 1338
1347, 1346
1348, 1344
1348, 1349
1348, 1350
1349, 1348
1350, 1348
1351, 1336
1351, 1352
1351, 1356
1352, 1351
1352, 1353
1352, 1355
1353, 1352
1353, 1354
1354, 1335
1354, 1353
1355, 1352
1356, 1351
1365, 1366
1365, 1370
1366, 1365
1366, 1367
1367, 1366
1367, 1368
1367, 1364
1368, 1367
1368, 1369
1368, 1374
1369, 1368
1369, 1370
1369, 1371
1370, 1365
1370, 1369
1371, 1369
1371, 1372
1372, 1371
1372, 1373
1373, 1372
1373, 1374
1373, 1359
1374, 1368
1374, 1373
1374, 1375
1375, 1374
1375, 1357
1375, 1363
1357, 1375
1357, 1358
1358, 1357
1358, 1359
1358, 1360
1359, 1373
1359, 1358
1360, 1358
1360, 1361
1360, 1362
1361, 1360
1362, 1360
1363, 1375
1363, 1364
1364, 1367
1364, 1363
1376, 1377
1376, 1381
1377, 1376
1377, 1378
1378, 1377
1378, 1379
1379, 1378
1379, 1380
1379, 1389
1380, 1379
1380, 1381
1380, 1382
1381, 1376
1381, 1380
1382, 1380
1382, 1383
1382, 1387
1383, 1382
1383, 1384
1384, 1383
1384, 1385
1385, 1384
1385, 1386
1386, 1385
1386, 1387
1386, 1395
1387, 1382
1387, 1386
1387, 1388
1388, 1387
1388, 1389
1388, 1393
1389, 1379
1389, 1388
1389, 1390
1390, 1389
1390, 1391
1391, 1390
1391, 1392
1392, 1391
1392, 1393
1392, 1396
1393, 1388
1393, 1392
1393, 1394
1394, 1393
1394, 1395
1395, 1386
1395, 1394
1396, 1392
1396, 1397
1396, 1398
1397, 1396
1398, 1396
1417, 1399
1417, 1411
1399, 1417
1399, 1400
1400, 1399
1400, 1401
1400, 1409
1401, 1400
1401, 1402
1402, 1401
1402, 1403
1403, 1402
1403, 1404
1403, 1408
1404, 1403
1404, 1405
1405, 1404
1405, 1406
1406, 1405
1406, 1407
1407, 1406
1407, 1408
1407, 1413
1408, 1403
1408, 1407
1408, 1409
1409, 1400
1409, 1408
1409, 1410
1410, 1409
1410, 1411
1410, 1412
1411, 1417
1411, 1410
1412, 1410
1412, 1413
1413, 1407
1413, 1412
1413, 1414
1414, 1413
1414, 1415
1414, 1416
1415, 1414
1416, 1414
1423, 1424
1423, 1432
1424, 1423
1424, 1425
1425, 1424
1425, 1426
1425, 1430
1426, 1425
1426, 1427
1427, 1426
1427, 1428
1427, 1420
1428, 1427
1428, 1429
1428, 1436
1429, 1428
1429, 1430
1430, 1425
1430, 1429
1430, 1431
1431, 1430
1431, 1432
1431, 1433
1432, 1423
1432, 1431
1433, 1431
1433, 1434
1433, 1435
1434, 1433
1435, 1433
1436, 1428
1436, 1418
1436, 1419
1418, 1436
1419, 1436
1420, 1427
1420, 1421
1420, 1422
1421, 1420
1422, 1420
1437, 1438
1437, 1446
1438, 1437
1438, 1439
1439, 1438
1439, 1440
1439, 1444
1440, 1439
1440, 1441
1440, 1459
1441, 1440
1441, 1442
1442, 1441
1442, 1443
1442, 1456
1443, 1442
1443, 1444
1443, 1452
1444, 1439
1444, 1443
1444, 1445
1445, 1444
1445, 1446
1445, 1450
1446, 1437
1446, 1445
1446, 1447
1447, 1446
1447, 1448
1448, 1447
1448, 1449
1449, 1448
1449, 1450
1449, 1453
1450, 1445
1450, 1449
1450, 1451
1451, 1450
1451, 1452
1452, 1443
1452, 1451
1453, 1449
1453, 1454
1453, 1455
1454, 1453
1455, 1453
1456, 1442
1456, 1457
1456, 1458
1457, 1456
1458, 1456
1459, 1440
1459, 1460
1459, 1461
1460, 1459
1461, 1459
1474, 1475
1474, 1468
1475, 1474
1475, 1476
1476, 1475
1476, 1462
1476, 1466
1462, 1476
1462, 1463
1463, 1462
1463, 1464
1464, 1463
1464, 1465
1465, 1464
1465, 1466
1465, 1470
1466, 1476
1466, 1465
1466, 1467
1467, 1466
1467, 1468
1467, 1469
1468, 1474
1468, 1467
1469, 1467
1469, 1470
1470, 1465
1470, 1469
1470, 1471
1471, 1470
1471, 1472
1471, 1473
1472, 1471
1473, 1471
1477, 1478
1477, 1482
1478, 1477
1478, 1479
1479, 1478
1479, 1480
1479, 1484
1480, 1479
1480, 1481
1481, 1480
1481, 1482
1481, 1483
1482, 1477
1482, 1481
1483, 1481
1484, 1479
1484, 1485
1484, 1489
1485, 1484
1485, 1486
1486, 1485
1486, 1487
1487, 1486
1487, 1488
1488, 1487
1488, 1489
1488, 1490
1489, 1484
1489, 1488
1490, 1488
1490, 1491
1490, 1492
1491, 1490
1492, 1490
1493, 1494
1493, 1498
1494, 1493
1494, 1495
1494, 1516
1495, 1494
1495, 1496
1496, 1495
1496, 1497
1496, 1513
1497, 1496
1497, 1498
1497, 1502
1498, 1493
1498, 1497
1498, 1499
1499, 1498
1499, 1500
1499, 1501
1500, 1499
1501, 1499
1501, 1502
1501, 1506
1502, 1497
1502, 1501
1502, 1503
1503, 1502
1503, 1504
1503, 1510
1504, 1503
1504, 1505
1505, 1504
1505, 1506
1505, 1507
1506, 1501
1506, 1505
1507, 1505
1507, 1508
1507, 1509
1508, 1507
1509, 1507
1510, 1503
1510, 1511
1510, 1512
1511, 1510
1512, 1510
1513, 1496
1513, 1514
1513, 1515
1514, 1513
1515, 1513
1516, 1494
1516, 1517
1516, 1518
1517, 1516
1518, 1516
1519, 1520
1519, 1532
1520, 1519
1520, 1521
1521, 1520
1521, 1522
1521, 1530
1522, 1521
1522, 1523
1523, 1522
1523, 1524
1524, 1523
1524, 1525
1524, 1529
1525, 1524
1525, 1526
1526, 1525
1526, 1527
1527, 1526
1527, 1528
1527, 1536
1528, 1527
1528, 1529
1528, 1534
1529, 1524
1529, 1528
1529, 1530
1530, 1521
1530, 1529
1530, 1531
1531, 1530
1531, 1532
1531, 1533
1532, 1519
1532, 1531
1533, 1531
1533, 1534
1534, 1528
1534, 1533
1534, 1535
1535, 1534
1536, 1527
1536, 1537
1536, 1538
1537, 1536
1538, 1536
1539, 1540
1539, 1544
1540, 1539
1540, 1541
1541, 1540
1541, 1542
1542, 1541
1542, 1543
1542, 1551
1543, 1542
1543, 1544
1543, 1545
1544, 1539
1544, 1543
1545, 1543
1545, 1546
1545, 1550
1546, 1545
1546, 1547
1547, 1546
1547, 1548
1547, 1561
1548, 1547
1548, 1549
1549, 1548
1549, 1550
1549, 1554
1550, 1545
1550, 1549
1550, 1551
1551, 1542
1551, 1550
1551, 1552
1552, 1551
1552, 1553
1553, 1552
1553, 1554
1553, 1558
1554, 1549
1554, 1553
1554, 1555
1555, 1554
1555, 1556
1555, 1557
1556, 1555
1557, 1555
1558, 1553
1558, 1559
1558, 1560
1559, 1558
1560, 1558
1561, 1547
1561, 1562
1561, 1563
1562, 1561
1563, 1561
1572, 1573
1572, 1577
1573, 1572
1573, 1574
1574, 1573
1574, 1575
1575, 1574
1575, 1576
1575, 1565
1576, 1575
1576, 1577
1576, 1578
1577, 1572
1577, 1576
1578, 1576
1578, 1579
1578, 1564
1579, 1578
1579, 1580
1580, 1579
1580, 1581
1581, 1580
1581, 1582
1582, 1581
1582, 1564
1582, 1568
1564, 1578
1564, 1582
1564, 1565
1565, 1575
1565, 1564
1565, 1566
1566, 1565
1566, 1567
1567, 1566
1567, 1568
1568, 1582
1568, 1567
1568, 1569
1569, 1568
1569, 1570
1569, 1571
1570, 1569
1571, 1569
1583, 1584
1583, 1596
1584, 1583
1584, 1585
1585, 1584
1585, 1586
1585, 1594
1586, 1585
1586, 1587
1587, 1586
1587, 1588
1588, 1587
1588, 1589
1588, 1593
1589, 1588
1589, 1590
1589, 1608
1590, 1589
1590, 1591
1591, 1590
1591, 1592
1592, 1591
1592, 1593
1592, 1601
1593, 1588
1593, 1592
1593, 1594
1594, 1585
1594, 1593
1594, 1595
1595, 1594
1595, 1596
1595, 1600
1596, 1583
1596, 1595
1596, 1597
1597, 1596
1597, 1598
1598, 1597
1598, 1599
1599, 1598
1599, 1600
1599, 1604
1600, 1595
1600, 1599
1600, 1601
1601, 1592
1601, 1600
1601, 1602
1602, 1601
1602, 1603
1603, 1602
1603, 1604
1604, 1599
1604, 1603
1604, 1605
1605, 1604
1605, 1606
1605, 1607
1606, 1605
1607, 1605
1608, 1589
1608, 1609
1608, 1610
1609, 1608
1610, 1608
1611, 1612
1611, 1616
1612, 1611
1612, 1613
1613, 1612
1613, 1614
1613, 1632
1614, 1613
1614, 1615
1614, 1620
1615, 1614
1615, 1616
1615, 1617
1616, 1611
1616, 1615
1617, 1615
1617, 1618
1617, 1619
1618, 1617
1619, 1617
1620, 1614
1620, 1621
1620, 1625
1621, 1620
1621, 1622
1622, 1621
1622, 1623
1623, 1622
1623, 1624
1623, 1629
1624, 1623
1624, 1625
1625, 1620
1625, 1624
1625, 1626
1626, 1625
1626, 1627
1626, 1628
1627, 1626
1628, 1626
1629, 1623
1629, 1630
1629, 1631
1630, 1629
1631, 1629
1632, 1613
1632, 1633
1632, 1634
1633, 1632
1634, 1632
1635, 1636
1635, 1644
1636, 1635
1636, 1637
1637, 1636
1637, 1638
1637, 1642
1638, 1637
1638, 1639
1639, 1638
1639, 1640
1640, 1639
1640, 1641
1640, 1647
1641, 1640
1641, 1642
1641, 1646
1642, 1637
1642, 1641
1642, 1643
1643, 1642
1643, 1644
1643, 1645
1644, 1635
1644, 1643
1645, 1643
1645, 1646
1646, 1641
1646, 1645
1647, 1640
1647, 1648
1647, 1649
1648, 1647
1649, 1647
1659, 1650
1659, 1654
1650, 1659
1650, 1651
1651, 1650
1651, 1652
1651, 1658
1652, 1651
1652, 1653
1653, 1652
1653, 1654
1654, 1659
1654, 1653
1654, 1655
1655, 1654
1655, 1656
1655, 1657
1656, 1655
1657, 1655
1658, 1651
1660, 1661
1660, 1665
1661, 1660
1661, 1662
1662, 1661
1662, 1663
1662, 1669
1663, 1662
1663, 1664
1664, 1663
1664, 1665
1664, 1666
1665, 1660
1665, 1664
1666, 1664
1666, 1667
1666, 1668
1667, 1666
1668, 1666
1669, 1662
1669, 1670
1669, 1674
1670, 1669
1670, 1671
1671, 1670
1671, 1672
1672, 1671
1672, 1673
1672, 1678
1673, 1672
1673, 1674
1674, 1669
1674, 1673
1674, 1675
1675, 1674
1675, 1676
1675, 1677
1676, 1675
1677, 1675
1678, 1672
1678, 1679
1678, 1680
1679, 1678
1680, 1678
1691, 1692
1691, 1696
1692, 1691
1692, 1693
1693, 1692
1693, 1694
1694, 1693
1694, 1695
1694, 1688
1695, 1694
1695, 1696
1695, 1697
1696, 1691
1696, 1695
1697, 1695
1697, 1698
1697, 1681
1698, 1697
1698, 1699
1699, 1698
1699, 1700
1700, 1699
1700, 1701
1700, 1685
1701, 1700
1701, 1681
1681, 1697
1681, 1701
1681, 1682
1682, 1681
1682, 1683
1682, 1684
1683, 1682
1684, 1682
1685, 1700
1685, 1686
1685, 1687
1686, 1685
1687, 1685
1688, 1694
1688, 1689
1688, 1690
1689, 1688
1690, 1688
1702, 1703
1703, 1702
1703, 1704
1703, 1711
1704, 1703
1704, 1705
1704, 1709
1705, 1704
1705, 1706
1706, 1705
1706, 1707
1707, 1706
1707, 1708
1707, 1712
1708, 1707
1708, 1709
1709, 1704
1709, 1708
1709, 1710
1710, 1709
1710, 1711
1711, 1703
1711, 1710
1712, 1707
1712, 1713
1712, 1714
1713, 1712
1714, 1712
1715, 1716
1715, 1720
1716, 1715
1716, 1717
1717, 1716
1717, 1718
1718, 1717
1718, 1719
1718, 1727
1719, 1718
1719, 1720
1719, 1721
1720, 1715
1720, 1719
1721, 1719
1721, 1722
1721, 1726
1722, 1721
1722, 1723
1723, 1722
1723, 1724
1723, 1737
1724, 1723
1724, 1725
1725, 1724
1725, 1726
1725, 1730
1726, 1721
1726, 1725
1726, 1727
1727, 1718
1727, 1726
1727, 1728
1728, 1727
1728, 1729
1728, 1734
1729, 1728
1729, 1730
1729, 1731
1730, 1725
1730, 1729
1731, 1729
1731, 1732
1731, 1733
1732, 1731
1733, 1731
1734, 1728
1734, 1735
1734, 1736
1735, 1734
1736, 1734
1737, 1723
1737, 1738
1737, 1739
1738, 1737
1739, 1737
1740, 1741
1740, 1745
1741, 1740
1741, 1742
1742, 1741
1742, 1743
1743, 1742
1743, 1744
1743, 1749
1744, 1743
1744, 1745
1744, 1746
1745, 1740
1745, 1744
1746, 1744
1746, 1747
1747, 1746
1747, 1748
1748, 1747
1748, 1749
1748, 1753
1749, 1743
1749, 1748
1749, 1750
1750, 1749
1750, 1751
1751, 1750
1751, 1752
1751, 1758
1752, 1751
1752, 1753
1752, 1757
1753, 1748
1753, 1752
1753, 1754
1754, 1753
1754, 1755
1755, 1754
1755, 1756
1756, 1755
1756, 1757
1757, 1752
1757, 1756
1758, 1751
1758, 1759
1758, 1760
1759, 1758
1760, 1758
1761, 1762
1762, 1761
1762, 1763
1762, 1767
1763, 1762
1763, 1764
1764, 1763
1764, 1765
1765, 1764
1765, 1766
1766, 1765
1766, 1767
1767, 1762
1767, 1766
1767, 1768
1768, 1767
1768, 1769
1768, 1773
1769, 1768
1769, 1770
1770, 1769
1770, 1771
1771, 1770
1771, 1772
1771, 1775
1772, 1771
1772, 1773
1772, 1774
1773, 1768
1773, 1772
1774, 1772
1775, 1771
1775, 1776
1775, 1777
1776, 1775
1777, 1775
1779, 1780
1779, 1784
1780, 1779
1780, 1781
1781, 1780
1781, 1782
1781, 1787
1782, 1781
1782, 1783
1782, 1786
1783, 1782
1783, 1784
1784, 1779
1784, 1783
1784, 1785
1785, 1784
1786, 1782
1787, 1781
1787, 1788
1787, 1778
1788, 1787
1778, 1787
1797, 1798
1797, 1802
1798, 1797
1798, 1799
1799, 1798
1799, 1800
1799, 1793
1800, 1799
1800, 1801
1800, 1806
1801, 1800
1801, 1802
1801, 1803
1802, 1797
1802, 1801
1803, 1801
1803, 1804
1803, 1805
1804, 1803
1805, 1803
1806, 1800
1806, 1807
1807, 1806
1807, 1808
1807, 1792
1808, 1807
1808, 1789
1789, 1808
1789, 1790
1790, 1789
1790, 1791
1790, 1794
1791, 1790
1791, 1792
1792, 1807
1792, 1791
1792, 1793
1793, 1799
1793, 1792
1794, 1790
1794, 1795
1794, 1796
1795, 1794
1796, 1794
1809, 1810
1809, 1814
1810, 1809
1810, 1811
1811, 1810
1811, 1812
1811, 1818
1812, 1811
1812, 1813
1813, 1812
1813, 1814
1813, 1815
1814, 1809
1814, 1813
1815, 1813
1815, 1816
1815, 1817
1816, 1815
1817, 1815
1818, 1811
1818, 1819
1818, 1823
1819, 1818
1819, 1820
1820, 1819
1820, 1821
1821, 1820
1821, 1822
1821, 1827
1822, 1821
1822, 1823
1822, 1824
1823, 1818
1823, 1822
1824, 1822
1824, 1825
1824, 1826
1825, 1824
1826, 1824
1827, 1821
1827, 1828
1827, 1829
1828, 1827
1829, 1827
1842, 1843
1842, 1836
1843, 1842
1843, 1844
1844, 1843
1844, 1830
1844, 1841
1830, 1844
1830, 1831
1830, 1835
1831, 1830
1831, 1832
1831, 1840
1832, 1831
1832, 1833
1833, 1832
1833, 1834
1834, 1833
1834, 1835
1834, 1837
1835, 1830
1835, 1834
1835, 1836
1836, 1842
1836, 1835
1837, 1834
1837, 1838
1837, 1839
1838, 1837
1839, 1837
1840, 1831
1840, 1841
1841, 1844
1841, 1840
1845, 1846
1845, 1850
1846, 1845
1846, 1847
1847, 1846
1847, 1848
1847, 1857
1848, 1847
1848, 1849
1848, 1854
1849, 1848
1849, 1850
1850, 1845
1850, 1849
1850, 1851
1851, 1850
1851, 1852
1851, 1853
1852, 1851
1853, 1851
1854, 1848
1854, 1855
1854, 1856
1855, 1854
1856, 1854
1857, 1847
1857, 1858
1858, 1857
1864, 1865
1865, 1864
1865, 1866
1866, 1865
1866, 1867
1866, 1860
1867, 1866
1867, 1868
1868, 1867
1868, 1869
1869, 1868
1869, 1859
1859, 1869
1859, 1860
1860, 1866
1860, 1859
1860, 1861
1861, 1860
1861, 1862
1861, 1863
1862, 1861
1863, 1861
1870, 1871
1870, 1875
1871, 1870
1871, 1872
1872, 1871
1872, 1873
1873, 1872
1873, 1874
1873, 1876
1874, 1873
1874, 1875
1875, 1870
1875, 1874
1876, 1873
1876, 1877
1877, 1876
1877, 1878
1878, 1877
1878, 1879
1878, 1880
1879, 1878
1880, 1878
1880, 1881
1880, 1885
1881, 1880
1881, 1882
1882, 1881
1882, 1883
1883, 1882
1883, 1884
1883, 1886
1884, 1883
1884, 1885
1885, 1880
1885, 1884
1886, 1883
1886, 1887
1886, 1888
1887, 1886
1888, 1886
1889, 1890
1889, 1894
1890, 1889
1890, 1891
1890, 1909
1891, 1890
1891, 1892
1891, 1897
1892, 1891
1892, 1893
1893, 1892
1893, 1894
1893, 1896
1894, 1889
1894, 1893
1894, 1895
1895, 1894
1896, 1893
1897, 1891
1897, 1898
1898, 1897
1898, 1899
1898, 1903
1899, 1898
1899, 1900
1899, 1909
1900, 1899
1900, 1901
1901, 1900
1901, 1902
1901, 1908
1902, 1901
1902, 1903
1902, 1905
1903, 1898
1903, 1902
1903, 1904
1904, 1903
1905, 1902
1905, 1906
1905, 1907
1906, 1905
1907, 1905
1908, 1901
1909, 1890
1909, 1899
1923, 1924
1923, 1916
1924, 1923
1924, 1925
1925, 1924
1925, 1926
1925, 1914
1926, 1925
1926, 1927
1927, 1926
1927, 1928
1928, 1927
1928, 1929
1928, 1913
1929, 1928
1929, 1910
1929, 1920
1910, 1929
1910, 1911
1911, 1910
1911, 1912
1911, 1919
1912, 1911
1912, 1913
1912, 1918
1913, 1928
1913, 1912
1913, 1914
1914, 1925
1914, 1913
1914, 1915
1915, 1914
1915, 1916
1915, 1917
1916, 1923
1916, 1915
1917, 1915
1917, 1918
1918, 1912
1918, 1917
1919, 1911
1920, 1929
1920, 1921
1920, 1922
1921, 1920
1922, 1920
1930, 1931
1930, 1935
1931, 1930
1931, 1932
1932, 1931
1932, 1933
1933, 1932
1933, 1934
1933, 1942
1934, 1933
1934, 1935
1934, 1936
1935, 1930
1935, 1934
1936, 1934
1936, 1937
1936, 1941
1937, 1936
1937, 1938
1938, 1937
1938, 1939
1939, 1938
1939, 1940
1940, 1939
1940, 1941
1940, 1945
1941, 1936
1941, 1940
1941, 1942
1942, 1933
1942, 1941
1942, 1943
1943, 1942
1943, 1944
1944, 1943
1944, 1945
1944, 1949
1945, 1940
1945, 1944
1945, 1946
1946, 1945
1946, 1947
1946, 1948
1947, 1946
1948, 1946
1949, 1944
1949, 1950
1949, 1951
1950, 1949
1951, 1949
1963, 1964
1963, 1956
1964, 1963
1964, 1965
1965, 1964
1965, 1966
1965, 1954
1966, 1965
1966, 1967
1967, 1966
1967, 1952
1952, 1967
1952, 1953
1953, 1952
1953, 1954
1953, 1960
1954, 1965
1954, 1953
1954, 1955
1955, 1954
1955, 1956
1955, 1957
1956, 1963
1956, 1955
1957, 1955
1957, 1958
1957, 1959
1958, 1957
1959, 1957
1960, 1953
1960, 1961
1960, 1962
1961, 1960
1962, 1960
1968, 1969
1968, 1973
1969, 1968
1969, 1970
1970, 1969
1970, 1971
1970, 1976
1971, 1970
1971, 1972
1971, 1975
1972, 1971
1972, 1973
1972, 1974
1973, 1968
1973, 1972
1974, 1972
1975, 1971
1976, 1970
1976, 1977
1976, 1978
1977, 1976
1978, 1976
1989, 1990
1989, 1994
1990, 1989
1990, 1991
1990, 1986
1991, 1990
1991, 1992
1991, 1985
1992, 1991
1992, 1993
1993, 1992
1993, 1994
1993, 1982
1994, 1989
1994, 1993
1994, 1995
1995, 1994
1995, 1996
1996, 1995
1996, 1997
1996, 1981
1997, 1996
1997, 1998
1998, 1997
1998, 1979
1998, 1984
1979, 1998
1979, 1980
1979, 1983
1980, 1979
1980, 1981
1981, 1996
1981, 1980
1981, 1982
1982, 1993
1982, 1981
1983, 1979
1984, 1998
1985, 1991
1986, 1990
1986, 1987
1986, 1988
1987, 1986
1988, 1986
1999, 2000
2000, 1999
2000, 2001
2001, 2000
2001, 2002
2002, 2001
2002, 2003
2002, 2007
2003, 2002
2003, 2004
2004, 2003
2004, 2005
2005, 2004
2005, 2006
2006, 2005
2006, 2007
2007, 2002
2007, 2006
2007, 2008
2008, 2007
2008, 2009
2008, 2010
2009, 2008
2010, 2008
2011, 2012
2011, 2016
2012, 2011
2012, 2013
2013, 2012
2013, 2014
2013, 2018
2014, 2013
2014, 2015
2015, 2014
2015, 2016
2015, 2017
2016, 2011
2016, 2015
2017, 2015
2018, 2013
2018, 2019
2018, 2023
2019, 2018
2019, 2020
2020, 2019
2020, 2021
2021, 2020
2021, 2022
2021, 2024
2022, 2021
2022, 2023
2023, 2018
2023, 2022
2024, 2021
2024, 2025
2024, 2026
2025, 2024
2026, 2024
2028, 2029
2028, 2033
2029, 2028
2029, 2030
2030, 2029
2030, 2031
2030, 2027
2031, 2030
2031, 2032
2032, 2031
2032, 2033
2033, 2028
2033, 2032
2033, 2034
2034, 2033
2034, 2035
2034, 2039
2035, 2034
2035, 2036
2036, 2035
2036, 2037
2037, 2036
2037, 2038
2037, 2040
2038, 2037
2038, 2039
2039, 2034
2039, 2038
2040, 2037
2040, 2041
2040, 2042
2041, 2040
2042, 2040
2027, 2030
2060, 2061
2060, 2045
2061, 2060
2061, 2062
2062, 2061
2062, 2043
2062, 2056
2043, 2062
2043, 2044
2043, 2049
2044, 2043
2044, 2045
2045, 2060
2045, 2044
2045, 2046
2046, 2045
2046, 2047
2046, 2048
2047, 2046
2048, 2046
2049, 2043
2049, 2050
2050, 2049
2050, 2051
2050, 2055
2051, 2050
2051, 2052
2052, 2051
2052, 2053
2053, 2052
2053, 2054
2053, 2057
2054, 2053
2054, 2055
2055, 2050
2055, 2054
2055, 2056
2056, 2062
2056, 2055
2057, 2053
2057, 2058
2057, 2059
2058, 2057
2059, 2057
2063, 2064
2064, 2063
2064, 2065
2064, 2068
2065, 2064
2065, 2066
2066, 2065
2066, 2067
2067, 2066
2067, 2068
2067, 2072
2068, 2064
2068, 2067
2068, 2069
2069, 2068
2069, 2070
2070, 2069
2070, 2071
2071, 2070
2072, 2067
2072, 2073
2072, 2074
2073, 2072
2074, 2072
2084, 2085
2084, 2080
2085, 2084
2085, 2086
2086, 2085
2086, 2075
2086, 2078
2075, 2086
2075, 2076
2076, 2075
2076, 2077
2077, 2076
2077, 2078
2078, 2086
2078, 2077
2078, 2079
2079, 2078
2079, 2080
2079, 2081
2080, 2084
2080, 2079
2081, 2079
2081, 2082
2081, 2083
2082, 2081
2083, 2081
2087, 2088
2087, 2092
2088, 2087
2088, 2089
2089, 2088
2089, 2090
2090, 2089
2090, 2091
2090, 2099
2091, 2090
2091, 2092
2091, 2093
2092, 2087
2092, 2091
2093, 2091
2093, 2094
2093, 2098
2094, 2093
2094, 2095
2095, 2094
2095, 2096
2095, 2106
2096, 2095
2096, 2097
2097, 2096
2097, 2098
2097, 2102
2098, 2093
2098, 2097
2098, 2099
2099, 2090
2099, 2098
2099, 2100
2100, 2099
2100, 2101
2101, 2100
2101, 2102
2101, 2103
2102, 2097
2102, 2101
2103, 2101
2103, 2104
2103, 2105
2104, 2103
2105, 2103
2106, 2095
2106, 2107
2106, 2108
2107, 2106
2108, 2106
2109, 2110
2109, 2120
2110, 2109
2110, 2111
2111, 2110
2111, 2112
2111, 2115
2112, 2111
2112, 2113
2112, 2119
2113, 2112
2113, 2114
2114, 2113
2114, 2115
2114, 2116
2115, 2111
2115, 2114
2116, 2114
2116, 2117
2116, 2118
2117, 2116
2118, 2116
2119, 2112
2119, 2120
2120, 2109
2120, 2119
2129, 2130
2129, 2138
2130, 2129
2130, 2131
2131, 2130
2131, 2132
2131, 2136
2132, 2131
2132, 2133
2132, 2126
2133, 2132
2133, 2134
2134, 2133
2134, 2135
2135, 2134
2135, 2136
2135, 2124
2136, 2131
2136, 2135
2136, 2137
2137, 2136
2137, 2138
2137, 2122
2138, 2129
2138, 2137
2138, 2139
2139, 2138
2139, 2140
2140, 2139
2140, 2121
2121, 2140
2121, 2122
2121, 2125
2122, 2137
2122, 2121
2122, 2123
2123, 2122
2123, 2124
2124, 2135
2124, 2123
2125, 2121
2126, 2132
2126, 2127
2126, 2128
2127, 2126
2128, 2126
2141, 2142
2141, 2146
2142, 2141
2142, 2143
2142, 2152
2143, 2142
2143, 2144
2144, 2143
2144, 2145
2144, 2151
2145, 2144
2145, 2146
2145, 2150
2146, 2141
2146, 2145
2146, 2147
2147, 2146
2147, 2148
2147, 2149
2148, 2147
2149, 2147
2150, 2145
2151, 2144
2152, 2142
2152, 2153
2152, 2154
2153, 2152
2154, 2152
2155, 2156
2155, 2160
2156, 2155
2156, 2157
2157, 2156
2157, 2158
2157, 2176
2158, 2157
2158, 2159
2158, 2173
2159, 2158
2159, 2160
2160, 2155
2160, 2159
2160, 2161
2161, 2160
2161, 2162
2161, 2166
2162, 2161
2162, 2163
2163, 2162
2163, 2164
2164, 2163
2164, 2165
2164, 2170
2165, 2164
2165, 2166
2165, 2167
2166, 2161
2166, 2165
2167, 2165
2167, 2168
2167, 2169
2168, 2167
2169, 2167
2170, 2164
2170, 2171
2170, 2172
2171, 2170
2172, 2170
2173, 2158
2173, 2174
2173, 2175
2174, 2173
2175, 2173
2176, 2157
2176, 2177
2176, 2178
2177, 2176
2178, 2176
2179, 2180
2179, 2192
2180, 2179
2180, 2181
2181, 2180
2181, 2182
2181, 2190
2182, 2181
2182, 2183
2183, 2182
2183, 2184
2184, 2183
2184, 2185
2184, 2189
2185, 2184
2185, 2186
2185, 2198
2186, 2185
2186, 2187
2187, 2186
2187, 2188
2187, 2195
2188, 2187
2188, 2189
2188, 2194
2189, 2184
2189, 2188
2189, 2190
2190, 2181
2190, 2189
2190, 2191
2191, 2190
2191, 2192
2191, 2193
2192, 2179
2192, 2191
2193, 2191
2193, 2194
2194, 2188
2194, 2193
2195, 2187
2195, 2196
2195, 2197
2196, 2195
2197, 2195
2198, 2185
2198, 2199
2198, 2200
2199, 2198
2200, 2198
2216, 2217
2216, 2206
2217, 2216
2217, 2218
2218, 2217
2218, 2219
2218, 2204
2219, 2218
2219, 2201
2201, 2219
2201, 2202
2202, 2201
2202, 2203
2203, 2202
2203, 2204
2203, 2208
2204, 2218
2204, 2203
2204, 2205
2205, 2204
2205, 2206
2205, 2207
2206, 2216
2206, 2205
2207, 2205
2207, 2208
2207, 2212
2208, 2203
2208, 2207
2208, 2209
2209, 2208
2209, 2210
2210, 2209
2210, 2211
2210, 2213
2211, 2210
2211, 2212
2212, 2207
2212, 2211
2213, 2210
2213, 2214
2213, 2215
2214, 2213
2215, 2213
2220, 2221
2221, 2220
2221, 2222
2221, 2223
2222, 2221
2223, 2221
2223, 2224
2224, 2223
2224, 2225
2224, 2237
2225, 2224
2225, 2226
2226, 2225
2226, 2227
2226, 2240
2227, 2226
2227, 2228
2227, 2236
2228, 2227
2228, 2229
2229, 2228
2229, 2230
2230, 2229
2230, 2231
2230, 2235
2231, 2230
2231, 2232
2232, 2231
2232, 2233
2233, 2232
2233, 2234
2234, 2233
2234, 2235
2234, 2239
2235, 2230
2235, 2234
2235, 2236
2236, 2227
2236, 2235
2236, 2237
2237, 2224
2237, 2236
2237, 2238
2238, 2237
2238, 2239
2239, 2234
2239, 2238
2240, 2226
2240, 2241
2240, 2242
2241, 2240
2242, 2240
2243, 2244
2243, 2252
2244, 2243
2244, 2245
2245, 2244
2245, 2246
2245, 2250
2246, 2245
2246, 2247
2246, 2262
2247, 2246
2247, 2248
2248, 2247
2248, 2249
2249, 2248
2249, 2250
2249, 2258
2250, 2245
2250, 2249
2250, 2251
2251, 2250
2251, 2252
2251, 2256
2252, 2243
2252, 2251
2252, 2253
2253, 2252
2253, 2254
2254, 2253
2254, 2255
2255, 2254
2255, 2256
2255, 2259
2256, 2251
2256, 2255
2256, 2257
2257, 2256
2257, 2258
2258, 2249
2258, 2257
2259, 2255
2259, 2260
2259, 2261
2260, 2259
2261, 2259
2262, 2246
2262, 2263
2262, 2264
2263, 2262
2264, 2262
2270, 2271
2270, 2275
2271, 2270
2271, 2272
2272, 2271
2272, 2273
2273, 2272
2273, 2274
2273, 2266
2274, 2273
2274, 2275
2274, 2276
2275, 2270
2275, 2274
2276, 2274
2276, 2277
2277, 2276
2277, 2278
2277, 2265
2278, 2277
2278, 2279
2279, 2278
2279, 2280
2280, 2279
2280, 2281
2281, 2280
2281, 2265
2281, 2267
2265, 2277
2265, 2281
2265, 2266
2266, 2273
2266, 2265
2267, 2281
2267, 2268
2267, 2269
2268, 2267
2269, 2267
2282, 2283
2282, 2287
2283, 2282
2283, 2284
2284, 2283
2284, 2285
2284, 2294
2285, 2284
2285, 2286
2285, 2291
2286, 2285
2286, 2287
2287, 2282
2287, 2286
2287, 2288
2288, 2287
2288, 2289
2288, 2290
2289, 2288
2290, 2288
2291, 2285
2291, 2292
2291, 2293
2292, 2291
2293, 2291
2294, 2284
2294, 2295
2294, 2299
2295, 2294
2295, 2296
2296, 2295
2296, 2297
2297, 2296
2297, 2298
2297, 2303
2298, 2297
2298, 2299
2299, 2294
2299, 2298
2299, 2300
2300, 2299
2300, 2301
2300, 2302
2301, 2300
2302, 2300
2303, 2297
2303, 2304
2303, 2305
2304, 2303
2305, 2303
2306, 2307
2306, 2311
2307, 2306
2307, 2308
2308, 2307
2308, 2309
2308, 2324
2309, 2308
2309, 2310
2310, 2309
2310, 2311
2311, 2306
2311, 2310
2311, 2312
2312, 2311
2312, 2313
2312, 2317
2313, 2312
2313, 2314
2314, 2313
2314, 2315
2315, 2314
2315, 2316
2315, 2321
2316, 2315
2316, 2317
2316, 2318
2317, 2312
2317, 2316
2318, 2316
2318, 2319
2318, 2320
2319, 2318
2320, 2318
2321, 2315
2321, 2322
2321, 2323
2322, 2321
2323, 2321
2324, 2308
2324, 2325
2324, 2326
2325, 2324
2326, 2324
2327, 2328
2327, 2336
2328, 2327
2328, 2329
2329, 2328
2329, 2330
2329, 2334
2330, 2329
2330, 2331
2330, 2346
2331, 2330
2331, 2332
2332, 2331
2332, 2333
2333, 2332
2333, 2334
2333, 2338
2334, 2329
2334, 2333
2334, 2335
2335, 2334
2335, 2336
2335, 2337
2336, 2327
2336, 2335
2337, 2335
2337, 2338
2337, 2342
2338, 2333
2338, 2337
2338, 2339
2339, 2338
2339, 2340
2340, 2339
2340, 2341
2340, 2343
2341, 2340
2341, 2342
2342, 2337
2342, 2341
2343, 2340
2343, 2344
2343, 2345
2344, 2343
2345, 2343
2346, 2330
2346, 2347
2346, 2348
2347, 2346
2348, 2346
2349, 2350
2349, 2354
2350, 2349
2350, 2351
2350, 2370
2351, 2350
2351, 2352
2351, 2357
2352, 2351
2352, 2353
2353, 2352
2353, 2354
2353, 2356
2354, 2349
2354, 2353
2354, 2355
2355, 2354
2356, 2353
2357, 2351
2357, 2358
2358, 2357
2358, 2359
2358, 2363
2359, 2358
2359, 2360
2359, 2370
2360, 2359
2360, 2361
2360, 2369
2361, 2360
2361, 2362
2361, 2366
2362, 2361
2362, 2363
2362, 2365
2363, 2358
2363, 2362
2363, 2364
2364, 2363
2365, 2362
2366, 2361
2366, 2367
2366, 2368
2367, 2366
2368, 2366
2369, 2360
2370, 2350
2370, 2359
2381, 2382
2381, 2386
2382, 2381
2382, 2383
2383, 2382
2383, 2384
2383, 2373
2384, 2383
2384, 2385
2384, 2390
2385, 2384
2385, 2386
2385, 2387
2386, 2381
2386, 2385
2387, 2385
2387, 2388
2387, 2389
2388, 2387
2389, 2387
2390, 2384
2390, 2371
2371, 2390
2371, 2372
2371, 2377
2372, 2371
2372, 2373
2372, 2374
2373, 2383
2373, 2372
2374, 2372
2374, 2375
2375, 2374
2375, 2376
2376, 2375
2376, 2377
2377, 2371
2377, 2376
2377, 2378
2378, 2377
2378, 2379
2378, 2380
2379, 2378
2380, 2378
2391, 2392
2392, 2391
2392, 2393
2392, 2396
2393, 2392
2393, 2394
2394, 2393
2394, 2395
2394, 2400
2395, 2394
2395, 2396
2395, 2397
2396, 2392
2396, 2395
2397, 2395
2397, 2398
2398, 2397
2398, 2399
2399, 2398
2399, 2400
2400, 2394
2400, 2399
2400, 2401
2401, 2400
2401, 2402
2401, 2403
2402, 2401
2403, 2401
2417, 2418
2417, 2422
2418, 2417
2418, 2419
2419, 2418
2419, 2420
2419, 2414
2420, 2419
2420, 2421
2421, 2420
2421, 2422
2422, 2417
2422, 2421
2422, 2423
2423, 2422
2423, 2424
2424, 2423
2424, 2425
2425, 2424
2425, 2404
2425, 2405
2404, 2425
2405, 2425
2405, 2406
2405, 2410
2406, 2405
2406, 2407
2407, 2406
2407, 2408
2408, 2407
2408, 2409
2408, 2411
2409, 2408
2409, 2410
2410, 2405
2410, 2409
2411, 2408
2411, 2412
2411, 2413
2412, 2411
2413, 2411
2414, 2419
2414, 2415
2414, 2416
2415, 2414
2416, 2414
2426, 2427
2426, 2439
2427, 2426
2427, 2428
2428, 2427
2428, 2429
2428, 2437
2429, 2428
2429, 2430
2430, 2429
2430, 2431
2431, 2430
2431, 2432
2431, 2436
2432, 2431
2432, 2433
2432, 2451
2433, 2432
2433, 2434
2434, 2433
2434, 2435
2435, 2434
2435, 2436
2435, 2444
2436, 2431
2436, 2435
2436, 2437
2437, 2428
2437, 2436
2437, 2438
2438, 2437
2438, 2439
2438, 2443
2439, 2426
2439, 2438
2439, 2440
2440, 2439
2440, 2441
2441, 2440
2441, 2442
2442, 2441
2442, 2443
2442, 2447
2443, 2438
2443, 2442
2443, 2444
2444, 2435
2444, 2443
2444, 2445
2445, 2444
2445, 2446
2445, 2448
2446, 2445
2446, 2447
2447, 2442
2447, 2446
2448, 2445
2448, 2449
2448, 2450
2449, 2448
2450, 2448
2451, 2432
2451, 2452
2451, 2453
2452, 2451
2453, 2451
2456, 2457
2457, 2456
2457, 2458
2457, 2466
2458, 2457
2458, 2459
2459, 2458
2459, 2460
2460, 2459
2460, 2461
2460, 2465
2461, 2460
2461, 2462
2462, 2461
2462, 2463
2463, 2462
2463, 2464
2464, 2463
2464, 2465
2464, 2467
2465, 2460
2465, 2464
2465, 2466
2466, 2457
2466, 2465
2467, 2464
2467, 2454
2467, 2455
2454, 2467
2455, 2467
2468, 2469
2468, 2477
2469, 2468
2469, 2470
2470, 2469
2470, 2471
2470, 2475
2471, 2470
2471, 2472
2472, 2471
2472, 2473
2473, 2472
2473, 2474
2473, 2487
2474, 2473
2474, 2475
2474, 2483
2475, 2470
2475, 2474
2475, 2476
2476, 2475
2476, 2477
2476, 2481
2477, 2468
2477, 2476
2477, 2478
2478, 2477
2478, 2479
2479, 2478
2479, 2480
2480, 2479
2480, 2481
2480, 2484
2481, 2476
2481, 2480
2481, 2482
2482, 2481
2482, 2483
2483, 2474
2483, 2482
2484, 2480
2484, 2485
2484, 2486
2485, 2484
2486, 2484
2487, 2473
2487, 2488
2487, 2489
2488, 2487
2489, 2487
2490, 2491
2490, 2499
2491, 2490
2491, 2492
2492, 2491
2492, 2493
2492, 2497
2493, 2492
2493, 2494
2493, 2509
2494, 2493
2494, 2495
2495, 2494
2495, 2496
2496, 2495
2496, 2497
2496, 2501
2497, 2492
2497, 2496
2497, 2498
2498, 2497
2498, 2499
2498, 2500
2499, 2490
2499, 2498
2500, 2498
2500, 2501
2500, 2505
2501, 2496
2501, 2500
2501, 2502
2502, 2501
2502, 2503
2503, 2502
2503, 2504
2504, 2503
2504, 2505
2505, 2500
2505, 2504
2505, 2506
2506, 2505
2506, 2507
2506, 2508
2507, 2506
2508, 2506
2509, 2493
2509, 2510
2509, 2511
2510, 2509
2511, 2509
2512, 2513
2512, 2517
2513, 2512
2513, 2514
2514, 2513
2514, 2515
2514, 2522
2515, 2514
2515, 2516
2515, 2519
2516, 2515
2516, 2517
2517, 2512
2517, 2516
2517, 2518
2518, 2517
2519, 2515
2519, 2520
2519, 2521
2520, 2519
2521, 2519
2522, 2514
2522, 2523
2522, 2524
2523, 2522
2524, 2522
2525, 2526
2525, 2530
2526, 2525
2526, 2527
2527, 2526
2527, 2528
2528, 2527
2528, 2529
2528, 2538
2529, 2528
2529, 2530
2529, 2531
2530, 2525
2530, 2529
2531, 2529
2531, 2532
2531, 2536
2532, 2531
2532, 2533
2533, 2532
2533, 2534
2534, 2533
2534, 2535
2535, 2534
2535, 2536
2536, 2531
2536, 2535
2536, 2537
2537, 2536
2537, 2538
2537, 2542
2538, 2528
2538, 2537
2538, 2539
2539, 2538
2539, 2540
2540, 2539
2540, 2541
2541, 2540
2541, 2542
2541, 2543
2542, 2537
2542, 2541
2543, 2541
2543, 2544
2543, 2545
2544, 2543
2545, 2543
